0.000000 9.882051
0.010000 9.764339
0.020000 9.646861
0.030000 9.529618
0.040000 9.412609
0.050000 9.295834
0.060000 9.179293
0.070000 9.062984
0.080000 8.946908
0.090000 8.831063
0.100000 8.715450
0.110000 8.600068
0.120000 8.484917
0.130000 8.369996
0.140000 8.255304
0.150000 8.140841
0.160000 8.026607
0.170000 7.912602
0.180000 7.798824
0.190000 7.685273
0.200000 7.571949
0.210000 7.458852
0.220000 7.345981
0.230000 7.233335
0.240000 7.120914
0.250000 7.008718
0.260000 6.896746
0.270000 6.784998
0.280000 6.673473
0.290000 6.562171
0.300000 6.451091
0.310000 6.340234
0.320000 6.229597
0.330000 6.119182
0.340000 6.008987
0.350000 5.899013
0.360000 5.789258
0.370000 5.679723
0.380000 5.570406
0.390000 5.461308
0.400000 5.352428
0.410000 5.243765
0.420000 5.135320
0.430000 5.027091
0.440000 4.919078
0.450000 4.811281
0.460000 4.703700
0.470000 4.596333
0.480000 4.489181
0.490000 4.382244
0.500000 4.275519
0.510000 4.169008
0.520000 4.062710
0.530000 3.956624
0.540000 3.850750
0.550000 3.745088
0.560000 3.639637
0.570000 3.534396
0.580000 3.429366
0.590000 3.324546
0.600000 3.219935
0.610000 3.115533
0.620000 3.011340
0.630000 2.907354
0.640000 2.803577
0.650000 2.700007
0.660000 2.596644
0.670000 2.493487
0.680000 2.390537
0.690000 2.287792
0.700000 2.185253
0.710000 2.082918
0.720000 1.980788
0.730000 1.878862
0.740000 1.777139
0.750000 1.675620
0.760000 1.574304
0.770000 1.473190
0.780000 1.372278
0.790000 1.271567
0.800000 1.171058
0.810000 1.070750
0.820000 0.970642
0.830000 0.870734
0.840000 0.771026
0.850000 0.671517
0.860000 0.572207
0.870000 0.473095
0.880000 0.374181
0.890000 0.275465
0.900000 0.176946
0.910000 0.078624
0.920000 -0.019501
0.930000 -0.117431
0.940000 -0.215165
0.950000 -0.312703
0.960000 -0.410047
0.970000 -0.507196
0.980000 -0.604151
0.990000 -0.700913
1.000000 -0.797481
1.010000 -0.893856
1.020000 -0.990039
1.030000 -1.086029
1.040000 -1.181828
1.050000 -1.277435
1.060000 -1.372851
1.070000 -1.468076
1.080000 -1.563112
1.090000 -1.657957
1.100000 -1.752613
1.110000 -1.847080
1.120000 -1.941358
1.130000 -2.035448
1.140000 -2.129349
1.150000 -2.223063
1.160000 -2.316590
1.170000 -2.409930
1.180000 -2.503083
1.190000 -2.596051
1.200000 -2.688832
1.210000 -2.781429
1.220000 -2.873840
1.230000 -2.966066
1.240000 -3.058109
1.250000 -3.149967
1.260000 -3.241642
1.270000 -3.333134
1.280000 -3.424443
1.290000 -3.515569
1.300000 -3.606513
1.310000 -3.697276
1.320000 -3.787857
1.330000 -3.878258
1.340000 -3.968477
1.350000 -4.058517
1.360000 -4.148377
1.370000 -4.238057
1.380000 -4.327557
1.390000 -4.416879
1.400000 -4.506023
1.410000 -4.594988
1.420000 -4.683776
1.430000 -4.772386
1.440000 -4.860820
1.450000 -4.949076
1.460000 -5.037157
1.470000 -5.125061
1.480000 -5.212789
1.490000 -5.300343
1.500000 -5.387721
1.510000 -5.474925
1.520000 -5.561955
1.530000 -5.648810
1.540000 -5.735492
1.550000 -5.822001
1.560000 -5.908338
1.570000 -5.994501
1.580000 -6.080493
1.590000 -6.166312
1.600000 -6.251961
1.610000 -6.337438
1.620000 -6.422744
1.630000 -6.507880
1.640000 -6.592846
1.650000 -6.677641
1.660000 -6.762268
1.670000 -6.846726
1.680000 -6.931014
1.690000 -7.015135
1.700000 -7.099087
1.710000 -7.182871
1.720000 -7.266488
1.730000 -7.349939
1.740000 -7.433222
1.750000 -7.516339
1.760000 -7.599290
1.770000 -7.682075
1.780000 -7.764694
1.790000 -7.847149
1.800000 -7.929439
1.810000 -8.011564
1.820000 -8.093526
1.830000 -8.175323
1.840000 -8.256958
1.850000 -8.338429
1.860000 -8.419737
1.870000 -8.500883
1.880000 -8.581867
1.890000 -8.662688
1.900000 -8.743349
1.910000 -8.823848
1.920000 -8.904187
1.930000 -8.984365
1.940000 -9.064382
1.950000 -9.144240
1.960000 -9.223938
1.970000 -9.303477
1.980000 -9.382858
1.990000 -9.462079
2.000000 -9.541142
2.010000 -9.620048
2.020000 -9.698795
2.030000 -9.777386
2.040000 -9.855819
2.050000 -9.934095
2.060000 -10.012216
2.070000 -10.090180
2.080000 -10.167988
2.090000 -10.245641
2.100000 -10.323139
2.110000 -10.400481
2.120000 -10.477670
2.130000 -10.554704
2.140000 -10.631584
2.150000 -10.708311
2.160000 -10.784884
2.170000 -10.861304
2.180000 -10.937572
2.190000 -11.013687
2.200000 -11.089650
2.210000 -11.165461
2.220000 -11.241121
2.230000 -11.316630
2.240000 -11.391988
2.250000 -11.467195
2.260000 -11.542252
2.270000 -11.617159
2.280000 -11.691917
2.290000 -11.766525
2.300000 -11.840984
2.310000 -11.915294
2.320000 -11.989456
2.330000 -12.063469
2.340000 -12.137335
2.350000 -12.211053
2.360000 -12.284624
2.370000 -12.358048
2.380000 -12.431325
2.390000 -12.504455
2.400000 -12.577440
2.410000 -12.650279
2.420000 -12.722972
2.430000 -12.795520
2.440000 -12.867923
2.450000 -12.940181
2.460000 -13.012295
2.470000 -13.084265
2.480000 -13.156091
2.490000 -13.227774
2.500000 -13.299313
2.510000 -13.370710
2.520000 -13.441964
2.530000 -13.513075
2.540000 -13.584044
2.550000 -13.654872
2.560000 -13.725558
2.570000 -13.796103
2.580000 -13.866507
2.590000 -13.936770
2.600000 -14.006893
2.610000 -14.076875
2.620000 -14.146718
2.630000 -14.216422
2.640000 -14.285986
2.650000 -14.355411
2.660000 -14.424697
2.670000 -14.493845
2.680000 -14.562855
2.690000 -14.631727
2.700000 -14.700461
2.710000 -14.769058
2.720000 -14.837518
2.730000 -14.905841
2.740000 -14.974028
2.750000 -15.042078
2.760000 -15.109992
2.770000 -15.177771
2.780000 -15.245414
2.790000 -15.312923
2.800000 -15.380296
2.810000 -15.447534
2.820000 -15.514639
2.830000 -15.581609
2.840000 -15.648445
2.850000 -15.715148
2.860000 -15.781718
2.870000 -15.848154
2.880000 -15.914458
2.890000 -15.980630
2.900000 -16.046669
2.910000 -16.112576
2.920000 -16.178352
2.930000 -16.243996
2.940000 -16.309509
2.950000 -16.374891
2.960000 -16.440142
2.970000 -16.505263
2.980000 -16.570254
2.990000 -16.635115
3.000000 -16.699847
3.010000 -16.764449
3.020000 -16.828922
3.030000 -16.893267
3.040000 -16.957482
3.050000 -17.021570
3.060000 -17.085529
3.070000 -17.149361
3.080000 -17.213065
3.090000 -17.276642
3.100000 -17.340091
3.110000 -17.403414
3.120000 -17.466611
3.130000 -17.529681
3.140000 -17.592625
3.150000 -17.655443
3.160000 -17.718136
3.170000 -17.780704
3.180000 -17.843147
3.190000 -17.905465
3.200000 -17.967658
3.210000 -18.029727
3.220000 -18.091672
3.230000 -18.153493
3.240000 -18.215191
3.250000 -18.276766
3.260000 -18.338217
3.270000 -18.399546
3.280000 -18.460752
3.290000 -18.521836
3.300000 -18.582798
3.310000 -18.643638
3.320000 -18.704356
3.330000 -18.764954
3.340000 -18.825430
3.350000 -18.885785
3.360000 -18.946020
3.370000 -19.006134
3.380000 -19.066128
3.390000 -19.126002
3.400000 -19.185757
3.410000 -19.245392
3.420000 -19.304909
3.430000 -19.364306
3.440000 -19.423585
3.450000 -19.482745
3.460000 -19.541787
3.470000 -19.600711
3.480000 -19.659517
3.490000 -19.718206
3.500000 -19.776777
3.510000 -19.835232
3.520000 -19.893569
3.530000 -19.951790
3.540000 -20.009895
3.550000 -20.067884
3.560000 -20.125757
3.570000 -20.183514
3.580000 -20.241156
3.590000 -20.298682
3.600000 -20.356094
3.610000 -20.413391
3.620000 -20.470574
3.630000 -20.527642
3.640000 -20.584596
3.650000 -20.641437
3.660000 -20.698163
3.670000 -20.754777
3.680000 -20.811277
3.690000 -20.867665
3.700000 -20.923940
3.710000 -20.980102
3.720000 -21.036152
3.730000 -21.092091
3.740000 -21.147917
3.750000 -21.203632
3.760000 -21.259236
3.770000 -21.314728
3.780000 -21.370110
3.790000 -21.425381
3.800000 -21.480541
3.810000 -21.535592
3.820000 -21.590532
3.830000 -21.645363
3.840000 -21.700084
3.850000 -21.754695
3.860000 -21.809198
3.870000 -21.863592
3.880000 -21.917877
3.890000 -21.972053
3.900000 -22.026122
3.910000 -22.080082
3.920000 -22.133934
3.930000 -22.187679
3.940000 -22.241317
3.950000 -22.294847
3.960000 -22.348270
3.970000 -22.401587
3.980000 -22.454797
3.990000 -22.507901
4.000000 -22.560899
4.010000 -22.613790
4.020000 -22.666577
4.030000 -22.719257
4.040000 -22.771833
4.050000 -22.824303
4.060000 -22.876668
4.070000 -22.928929
4.080000 -22.981086
4.090000 -23.033138
4.100000 -23.085086
4.110000 -23.136931
4.120000 -23.188672
4.130000 -23.240309
4.140000 -23.291843
4.150000 -23.343275
4.160000 -23.394603
4.170000 -23.445829
4.180000 -23.496953
4.190000 -23.547975
4.200000 -23.598894
4.210000 -23.649712
4.220000 -23.700429
4.230000 -23.751044
4.240000 -23.801557
4.250000 -23.851970
4.260000 -23.902283
4.270000 -23.952494
4.280000 -24.002606
4.290000 -24.052617
4.300000 -24.102528
4.310000 -24.152340
4.320000 -24.202052
4.330000 -24.251665
4.340000 -24.301178
4.350000 -24.350593
4.360000 -24.399909
4.370000 -24.449127
4.380000 -24.498246
4.390000 -24.547267
4.400000 -24.596190
4.410000 -24.645015
4.420000 -24.693743
4.430000 -24.742373
4.440000 -24.790906
4.450000 -24.839343
4.460000 -24.887682
4.470000 -24.935925
4.480000 -24.984071
4.490000 -25.032122
4.500000 -25.080076
4.510000 -25.127934
4.520000 -25.175697
4.530000 -25.223365
4.540000 -25.270937
4.550000 -25.318414
4.560000 -25.365796
4.570000 -25.413084
4.580000 -25.460277
4.590000 -25.507376
4.600000 -25.554381
4.610000 -25.601291
4.620000 -25.648108
4.630000 -25.694832
4.640000 -25.741462
4.650000 -25.787999
4.660000 -25.834443
4.670000 -25.880794
4.680000 -25.927053
4.690000 -25.973219
4.700000 -26.019293
4.710000 -26.065275
4.720000 -26.111165
4.730000 -26.156964
4.740000 -26.202670
4.750000 -26.248286
4.760000 -26.293810
4.770000 -26.339244
4.780000 -26.384586
4.790000 -26.429839
4.800000 -26.475000
4.810000 -26.520072
4.820000 -26.565053
4.830000 -26.609944
4.840000 -26.654746
4.850000 -26.699459
4.860000 -26.744081
4.870000 -26.788615
4.880000 -26.833060
4.890000 -26.877416
4.900000 -26.921683
4.910000 -26.965862
4.920000 -27.009953
4.930000 -27.053956
4.940000 -27.097870
4.950000 -27.141697
4.960000 -27.185437
4.970000 -27.229089
4.980000 -27.272653
4.990000 -27.316131
5.000000 -27.359522
5.010000 -27.402826
5.020000 -27.446044
5.030000 -27.489175
5.040000 -27.532220
5.050000 -27.575179
5.060000 -27.618052
5.070000 -27.660840
5.080000 -27.703542
5.090000 -27.746159
5.100000 -27.788690
5.110000 -27.831137
5.120000 -27.873499
5.130000 -27.915776
5.140000 -27.957969
5.150000 -28.000077
5.160000 -28.042102
5.170000 -28.084042
5.180000 -28.125898
5.190000 -28.167671
5.200000 -28.209361
5.210000 -28.250967
5.220000 -28.292490
5.230000 -28.333930
5.240000 -28.375287
5.250000 -28.416562
5.260000 -28.457754
5.270000 -28.498864
5.280000 -28.539892
5.290000 -28.580838
5.300000 -28.621701
5.310000 -28.662484
5.320000 -28.703185
5.330000 -28.743804
5.340000 -28.784342
5.350000 -28.824800
5.360000 -28.865176
5.370000 -28.905472
5.380000 -28.945687
5.390000 -28.985822
5.400000 -29.025877
5.410000 -29.065852
5.420000 -29.105747
5.430000 -29.145562
5.440000 -29.185298
5.450000 -29.224954
5.460000 -29.264531
5.470000 -29.304029
5.480000 -29.343448
5.490000 -29.382788
5.500000 -29.422050
5.510000 -29.461233
5.520000 -29.500338
5.530000 -29.539365
5.540000 -29.578313
5.550000 -29.617184
5.560000 -29.655978
5.570000 -29.694694
5.580000 -29.733332
5.590000 -29.771893
5.600000 -29.810378
5.610000 -29.848785
5.620000 -29.887115
5.630000 -29.925369
5.640000 -29.963547
5.650000 -30.001648
5.660000 -30.039673
5.670000 -30.077623
5.680000 -30.115496
5.690000 -30.153294
5.700000 -30.191016
5.710000 -30.228663
5.720000 -30.266234
5.730000 -30.303731
5.740000 -30.341152
5.750000 -30.378499
5.760000 -30.415771
5.770000 -30.452969
5.780000 -30.490093
5.790000 -30.527142
5.800000 -30.564117
5.810000 -30.601018
5.820000 -30.637846
5.830000 -30.674600
5.840000 -30.711281
5.850000 -30.747888
5.860000 -30.784422
5.870000 -30.820883
5.880000 -30.857272
5.890000 -30.893587
5.900000 -30.929830
5.910000 -30.966001
5.920000 -31.002100
5.930000 -31.038126
5.940000 -31.074080
5.950000 -31.109963
5.960000 -31.145773
5.970000 -31.181512
5.980000 -31.217180
5.990000 -31.252777
6.000000 -31.288302
6.010000 -31.323757
6.020000 -31.359140
6.030000 -31.394453
6.040000 -31.429695
6.050000 -31.464867
6.060000 -31.499969
6.070000 -31.535001
6.080000 -31.569962
6.090000 -31.604854
6.100000 -31.639676
6.110000 -31.674428
6.120000 -31.709111
6.130000 -31.743725
6.140000 -31.778269
6.150000 -31.812745
6.160000 -31.847151
6.170000 -31.881489
6.180000 -31.915758
6.190000 -31.949959
6.200000 -31.984092
6.210000 -32.018156
6.220000 -32.052152
6.230000 -32.086080
6.240000 -32.119941
6.250000 -32.153734
6.260000 -32.187459
6.270000 -32.221117
6.280000 -32.254707
6.290000 -32.288231
6.300000 -32.321688
6.310000 -32.355077
6.320000 -32.388400
6.330000 -32.421657
6.340000 -32.454847
6.350000 -32.487970
6.360000 -32.521028
6.370000 -32.554019
6.380000 -32.586945
6.390000 -32.619805
6.400000 -32.652599
6.410000 -32.685327
6.420000 -32.717990
6.430000 -32.750588
6.440000 -32.783121
6.450000 -32.815589
6.460000 -32.847992
6.470000 -32.880330
6.480000 -32.912603
6.490000 -32.944813
6.500000 -32.976957
6.510000 -33.009038
6.520000 -33.041054
6.530000 -33.073007
6.540000 -33.104895
6.550000 -33.136720
6.560000 -33.168481
6.570000 -33.200179
6.580000 -33.231814
6.590000 -33.263385
6.600000 -33.294893
6.610000 -33.326338
6.620000 -33.357721
6.630000 -33.389041
6.640000 -33.420298
6.650000 -33.451492
6.660000 -33.482625
6.670000 -33.513695
6.680000 -33.544703
6.690000 -33.575649
6.700000 -33.606533
6.710000 -33.637356
6.720000 -33.668117
6.730000 -33.698817
6.740000 -33.729455
6.750000 -33.760032
6.760000 -33.790548
6.770000 -33.821003
6.780000 -33.851397
6.790000 -33.881730
6.800000 -33.912003
6.810000 -33.942215
6.820000 -33.972367
6.830000 -34.002459
6.840000 -34.032490
6.850000 -34.062462
6.860000 -34.092374
6.870000 -34.122225
6.880000 -34.152018
6.890000 -34.181750
6.900000 -34.211424
6.910000 -34.241038
6.920000 -34.270593
6.930000 -34.300088
6.940000 -34.329525
6.950000 -34.358903
6.960000 -34.388223
6.970000 -34.417483
6.980000 -34.446686
6.990000 -34.475830
7.000000 -34.504916
7.010000 -34.533943
7.020000 -34.562913
7.030000 -34.591825
7.040000 -34.620679
7.050000 -34.649475
7.060000 -34.678214
7.070000 -34.706895
7.080000 -34.735519
7.090000 -34.764086
7.100000 -34.792596
7.110000 -34.821049
7.120000 -34.849445
7.130000 -34.877784
7.140000 -34.906067
7.150000 -34.934293
7.160000 -34.962462
7.170000 -34.990576
7.180000 -35.018633
7.190000 -35.046634
7.200000 -35.074580
7.210000 -35.102469
7.220000 -35.130303
7.230000 -35.158081
7.240000 -35.185804
7.250000 -35.213471
7.260000 -35.241083
7.270000 -35.268639
7.280000 -35.296141
7.290000 -35.323588
7.300000 -35.350980
7.310000 -35.378317
7.320000 -35.405600
7.330000 -35.432828
7.340000 -35.460001
7.350000 -35.487121
7.360000 -35.514186
7.370000 -35.541197
7.380000 -35.568154
7.390000 -35.595057
7.400000 -35.621907
7.410000 -35.648703
7.420000 -35.675445
7.430000 -35.702134
7.440000 -35.728770
7.450000 -35.755352
7.460000 -35.781881
7.470000 -35.808358
7.480000 -35.834781
7.490000 -35.861151
7.500000 -35.887469
7.510000 -35.913735
7.520000 -35.939947
7.530000 -35.966108
7.540000 -35.992216
7.550000 -36.018272
7.560000 -36.044276
7.570000 -36.070228
7.580000 -36.096128
7.590000 -36.121976
7.600000 -36.147773
7.610000 -36.173518
7.620000 -36.199212
7.630000 -36.224855
7.640000 -36.250446
7.650000 -36.275986
7.660000 -36.301475
7.670000 -36.326913
7.680000 -36.352300
7.690000 -36.377637
7.700000 -36.402923
7.710000 -36.428158
7.720000 -36.453343
7.730000 -36.478478
7.740000 -36.503562
7.750000 -36.528597
7.760000 -36.553581
7.770000 -36.578515
7.780000 -36.603400
7.790000 -36.628235
7.800000 -36.653020
7.810000 -36.677756
7.820000 -36.702442
7.830000 -36.727079
7.840000 -36.751667
7.850000 -36.776205
7.860000 -36.800695
7.870000 -36.825136
7.880000 -36.849527
7.890000 -36.873871
7.900000 -36.898165
7.910000 -36.922411
7.920000 -36.946608
7.930000 -36.970758
7.940000 -36.994858
7.950000 -37.018911
7.960000 -37.042916
7.970000 -37.066872
7.980000 -37.090781
7.990000 -37.114642
8.000000 -37.138456
8.010000 -37.162222
8.020000 -37.185940
8.030000 -37.209611
8.040000 -37.233235
8.050000 -37.256811
8.060000 -37.280340
8.070000 -37.303823
8.080000 -37.327258
8.090000 -37.350647
8.100000 -37.373988
8.110000 -37.397284
8.120000 -37.420532
8.130000 -37.443735
8.140000 -37.466890
8.150000 -37.490000
8.160000 -37.513063
8.170000 -37.536081
8.180000 -37.559052
8.190000 -37.581978
8.200000 -37.604857
8.210000 -37.627691
8.220000 -37.650480
8.230000 -37.673222
8.240000 -37.695920
8.250000 -37.718572
8.260000 -37.741178
8.270000 -37.763740
8.280000 -37.786257
8.290000 -37.808728
8.300000 -37.831155
8.310000 -37.853536
8.320000 -37.875874
8.330000 -37.898166
8.340000 -37.920414
8.350000 -37.942617
8.360000 -37.964776
8.370000 -37.986891
8.380000 -38.008962
8.390000 -38.030988
8.400000 -38.052971
8.410000 -38.074910
8.420000 -38.096804
8.430000 -38.118655
8.440000 -38.140463
8.450000 -38.162227
8.460000 -38.183947
8.470000 -38.205624
8.480000 -38.227257
8.490000 -38.248848
8.500000 -38.270395
8.510000 -38.291899
8.520000 -38.313361
8.530000 -38.334779
8.540000 -38.356154
8.550000 -38.377487
8.560000 -38.398778
8.570000 -38.420025
8.580000 -38.441230
8.590000 -38.462393
8.600000 -38.483514
8.610000 -38.504592
8.620000 -38.525629
8.630000 -38.546623
8.640000 -38.567575
8.650000 -38.588486
8.660000 -38.609354
8.670000 -38.630181
8.680000 -38.650966
8.690000 -38.671710
8.700000 -38.692413
8.710000 -38.713074
8.720000 -38.733693
8.730000 -38.754272
8.740000 -38.774809
8.750000 -38.795306
8.760000 -38.815761
8.770000 -38.836176
8.780000 -38.856549
8.790000 -38.876883
8.800000 -38.897175
8.810000 -38.917427
8.820000 -38.937638
8.830000 -38.957809
8.840000 -38.977940
8.850000 -38.998031
8.860000 -39.018081
8.870000 -39.038091
8.880000 -39.058062
8.890000 -39.077992
8.900000 -39.097883
8.910000 -39.117734
8.920000 -39.137545
8.930000 -39.157316
8.940000 -39.177049
8.950000 -39.196741
8.960000 -39.216395
8.970000 -39.236009
8.980000 -39.255584
8.990000 -39.275119
9.000000 -39.294616
9.010000 -39.314074
9.020000 -39.333493
9.030000 -39.352873
9.040000 -39.372214
9.050000 -39.391517
9.060000 -39.410781
9.070000 -39.430007
9.080000 -39.449194
9.090000 -39.468343
9.100000 -39.487454
9.110000 -39.506527
9.120000 -39.525561
9.130000 -39.544557
9.140000 -39.563516
9.150000 -39.582436
9.160000 -39.601319
9.170000 -39.620164
9.180000 -39.638971
9.190000 -39.657741
9.200000 -39.676473
9.210000 -39.695168
9.220000 -39.713826
9.230000 -39.732446
9.240000 -39.751029
9.250000 -39.769575
9.260000 -39.788084
9.270000 -39.806556
9.280000 -39.824991
9.290000 -39.843389
9.300000 -39.861750
9.310000 -39.880075
9.320000 -39.898363
9.330000 -39.916614
9.340000 -39.934829
9.350000 -39.953008
9.360000 -39.971150
9.370000 -39.989256
9.380000 -40.007326
9.390000 -40.025360
9.400000 -40.043358
9.410000 -40.061320
9.420000 -40.079246
9.430000 -40.097136
9.440000 -40.114990
9.450000 -40.132809
9.460000 -40.150592
9.470000 -40.168339
9.480000 -40.186052
9.490000 -40.203728
9.500000 -40.221370
9.510000 -40.238976
9.520000 -40.256547
9.530000 -40.274083
9.540000 -40.291584
9.550000 -40.309049
9.560000 -40.326480
9.570000 -40.343876
9.580000 -40.361238
9.590000 -40.378565
9.600000 -40.395857
9.610000 -40.413114
9.620000 -40.430337
9.630000 -40.447526
9.640000 -40.464680
9.650000 -40.481800
9.660000 -40.498886
9.670000 -40.515938
9.680000 -40.532955
9.690000 -40.549939
9.700000 -40.566888
9.710000 -40.583804
9.720000 -40.600686
9.730000 -40.617535
9.740000 -40.634349
9.750000 -40.651130
9.760000 -40.667878
9.770000 -40.684592
9.780000 -40.701272
9.790000 -40.717920
9.800000 -40.734534
9.810000 -40.751115
9.820000 -40.767662
9.830000 -40.784177
9.840000 -40.800659
9.850000 -40.817107
9.860000 -40.833523
9.870000 -40.849906
9.880000 -40.866257
9.890000 -40.882574
9.900000 -40.898859
9.910000 -40.915112
9.920000 -40.931332
9.930000 -40.947519
9.940000 -40.963675
9.950000 -40.979798
9.960000 -40.995889
9.970000 -41.011947
9.980000 -41.027974
9.990000 -41.043968
